0.000000000000000000e+00 0.000000000000000000e+00 0.000000000000000000e+00
0.000000000000000000e+00 0.000000000000000000e+00 0.000000000000000000e+00
0.000000000000000000e+00 0.000000000000000000e+00 0.000000000000000000e+00
0.000000000000000000e+00 0.000000000000000000e+00 0.000000000000000000e+00
0.000000000000000000e+00 0.000000000000000000e+00 0.000000000000000000e+00
0.000000000000000000e+00 0.000000000000000000e+00 0.000000000000000000e+00
0.000000000000000000e+00 0.000000000000000000e+00 0.000000000000000000e+00
0.000000000000000000e+00 0.000000000000000000e+00 0.000000000000000000e+00
-8.399999999999998579e+00 -8.399999999999998579e+00 -7.699999999999999289e+00
-1.091999999999999815e+01 0.000000000000000000e+00 0.000000000000000000e+00
-8.399999999999998579e+00 -8.399999999999998579e+00 0.000000000000000000e+00
-8.399999999999998579e+00 -8.399999999999998579e+00 0.000000000000000000e+00
-7.699999999999999289e+00 -7.699999999999999289e+00 -1.165499999999999758e+01
-7.699999999999999289e+00 -7.699999999999999289e+00 -1.167882562667894319e+02
-7.699999999999999289e+00 -7.699999999999999289e+00 -8.399999999999998579e+00
-7.699999999999999289e+00 -7.699999999999999289e+00 0.000000000000000000e+00
-9.100000000000001421e+00 -1.515150000000000219e+01 -8.301615505750000068e+01
-1.438499999999999801e+01 -9.100000000000001421e+00 -1.154000328795755337e+02
-7.000000000000000000e+00 -7.000000000000000000e+00 -7.699999999999999289e+00
-7.000000000000000000e+00 -7.000000000000000000e+00 -1.484192499999999804e+01
-2.550311350124999876e+01 -1.930057499999999848e+01 -2.992451949319778137e+01
-2.316592900649999720e+01 -1.679942249999999859e+01 -1.778594999999999970e+01
-1.970807999999999893e+01 -2.128529829999999734e+01 -1.844200050000000246e+01
-2.311253752499999692e+01 -2.400046713749999938e+01 -2.130109589999999642e+01
-3.345559631207585483e+01 -3.474323826730580578e+01 -7.668178699999999992e+01
-3.376859576106181748e+01 -2.885687440180684860e+01 -8.214803904471935425e+01
-3.048396121120086377e+01 -3.159152373393797575e+01 -2.527718735324999955e+01
-2.947037205376249602e+01 -2.772659064019249797e+01 -2.891324898224625173e+01
-2.643691083066739367e+01 -2.681935280582818137e+01 -2.866678428508036447e+01
-2.896097232435910129e+01 -2.479503210993812345e+01 -3.172397303081521969e+01
-2.450677295222477170e+01 -2.182541524056249571e+01 -2.624964084634281392e+01
-2.528524453262499705e+01 -2.827622460847559793e+01 -2.762332257142834990e+01
-2.196611787597213805e+01 -2.793293334317508325e+01 -4.482826101624630866e+01
-2.691910417399120803e+01 -2.456717375050089913e+01 -7.363089999999999691e+01
-2.214188298737030181e+01 -2.183150291156471212e+01 -8.154444243399998982e+01
-2.210361938439372054e+01 -2.496208754839809174e+01 -1.773174954129451564e+01
-1.698798486930781237e+01 -1.926714396209669644e+01 -1.130042604078753357e+02
-2.116531116582664396e+01 -2.158867933702958908e+01 -2.149604918322303959e+01
-2.095816975526694392e+01 -2.006624745669454057e+01 -2.218029555399227704e+01
-2.025805016067183928e+01 -1.773873802101169872e+01 -1.533087967152693665e+01
-1.234707750168405482e+01 -1.486946677781767434e+01 -1.055595924828050158e+02
-1.369181026196218731e+01 -1.473649821328947596e+01 -2.168528988358564646e+01
-1.242987934377043402e+01 -1.375698828566013532e+01 -7.903945065519998536e+01
-1.329773274634262137e+01 -1.374910667298656364e+01 -1.377015776238952149e+01
-1.669025997363176828e+01 -1.493898098193854729e+01 -7.963561026749998462e+01
-1.567767826022258681e+01 -1.567789879031680300e+01 -1.569827208740152358e+01
-1.511585809805887592e+01 -1.624603441947863303e+01 -1.575519338265110392e+01
-1.651134248311056041e+01 -1.591004050202279529e+01 -1.162395145527605820e+02
-2.205727051886611179e+01 -2.145657142557316988e+01 -8.105578439629023535e+01
-2.119906817449388825e+01 -2.129733304002738592e+01 -8.350978459423609479e+01
-2.116761566136394990e+01 -2.175366728061453969e+01 -8.595894954906202656e+01
-2.152599322384143221e+01 -2.179335846376270425e+01 1.242505135776904979e+02
8.564846994845341044e+01 -1.866602499999999942e+00 -1.399999999999999911e+00
-2.046257499999999840e+00 -1.866602499999999942e+00 -8.119524636441720133e+01
-1.784264999999999990e+00 -1.597050000000000081e+00 -7.699539434999999798e+01
-1.866602499999999942e+00 -1.375499999999999945e+00 2.753389186657362870e+02
-9.100000000000001421e+00 -1.422049999999999770e+01 -1.913488237499999656e+01
-1.375499999999999901e+01 -1.866602499999999765e+01 -1.513049999999999784e+01
-1.597049999999999770e+01 -1.736700000000000088e+01 -1.118746017343202510e+02
-1.866602499999999765e+01 -1.438499999999999801e+01 -9.100734758574988348e+01
-2.024478329999999815e+01 -2.017310189999999892e+01 -2.632889073804634705e+01
-2.231457524056249753e+01 -2.181958143749999834e+01 -2.238167924999999769e+01
-2.454224443829374991e+01 -2.281578263999999479e+01 -1.074089834545174824e+02
-2.135174789999999945e+01 -2.195702669999999657e+01 -8.425106955347028759e+01
-3.141740594155955080e+01 -2.907152786204934358e+01 -8.552045293382504099e+01
-2.881470947696072216e+01 -2.862689089639404472e+01 -2.876984269980248143e+01
-2.989881369893825536e+01 -3.032358390721590879e+01 -1.101131713642405572e+02
-3.031479682449066715e+01 -3.148363005508398516e+01 -7.279299999999999216e+01
0.000000000000000000e+00 0.000000000000000000e+00 0.000000000000000000e+00
0.000000000000000000e+00 0.000000000000000000e+00 0.000000000000000000e+00
0.000000000000000000e+00 0.000000000000000000e+00 0.000000000000000000e+00
0.000000000000000000e+00 0.000000000000000000e+00 0.000000000000000000e+00
0.000000000000000000e+00 0.000000000000000000e+00 0.000000000000000000e+00
0.000000000000000000e+00 0.000000000000000000e+00 0.000000000000000000e+00
0.000000000000000000e+00 0.000000000000000000e+00 0.000000000000000000e+00
0.000000000000000000e+00 0.000000000000000000e+00 0.000000000000000000e+00
0.000000000000000000e+00 0.000000000000000000e+00 0.000000000000000000e+00
0.000000000000000000e+00 0.000000000000000000e+00 0.000000000000000000e+00
0.000000000000000000e+00 0.000000000000000000e+00 0.000000000000000000e+00
0.000000000000000000e+00 0.000000000000000000e+00 0.000000000000000000e+00
0.000000000000000000e+00 0.000000000000000000e+00 0.000000000000000000e+00
0.000000000000000000e+00 0.000000000000000000e+00 0.000000000000000000e+00
0.000000000000000000e+00 0.000000000000000000e+00 0.000000000000000000e+00
0.000000000000000000e+00 0.000000000000000000e+00 0.000000000000000000e+00
0.000000000000000000e+00 0.000000000000000000e+00 0.000000000000000000e+00
0.000000000000000000e+00 0.000000000000000000e+00 0.000000000000000000e+00
0.000000000000000000e+00 0.000000000000000000e+00 0.000000000000000000e+00
0.000000000000000000e+00 0.000000000000000000e+00 0.000000000000000000e+00
0.000000000000000000e+00 0.000000000000000000e+00 0.000000000000000000e+00
0.000000000000000000e+00 0.000000000000000000e+00 0.000000000000000000e+00
0.000000000000000000e+00 0.000000000000000000e+00 0.000000000000000000e+00
0.000000000000000000e+00 0.000000000000000000e+00 0.000000000000000000e+00
-6.999999999999999556e-01 -6.999999999999999556e-01 0.000000000000000000e+00
-6.999999999999999556e-01 -6.999999999999999556e-01 0.000000000000000000e+00
-6.999999999999999556e-01 -6.999999999999999556e-01 0.000000000000000000e+00
-6.999999999999999556e-01 -6.999999999999999556e-01 2.551868272411574594e+02
